202403150001078
202403150002602
202403150003769
202403150004854
202403150005815
202403150006058
202403150007855
202403150008262
202403150009874
202403150010734
202403150011297
202403150012463
202403150013712
202403150014228
202403150015392
202403150016812
202403150017409
202403150018804
202403150019989
202403150020502
202403150021485
202403150022656
202403150023624
202403150024425
202403150025146
202403150026690
202403150027224
202403150028188
202403150029188
202403150030778
202403150031321
202403150032473
202403150033710
202403150034093
202403150035533
202403150036645
202403150037313
202403150038513
202403150039583
202403150040427
202403150041234
202403150042501
202403150043721
202403150044798
202403150045318
202403150046963
202403150047507
202403150048437
202403150049584
202403150050746
202403150051135
202403150052272
202403150053090
202403150054253
202403150055020
202403150056838
202403150057311
202403150058769
202403150059558
202403150060447
